0
2483									
1462									
2174									
2357									
1698									
2045									
1941									
2467									
2343									
2079									
2372									
2626									
1882									
1575									
1695									
1900									
590									
2397									
1518									
1807									
2013									
1969									
629									
2263									
892									
2551									
1335									
447									
1481									
1802									
1384									
1629									
2138									
529									
1322									
877									
2664									
101									
2588									
442									
2614									
733									
1162									
2446									
1190									
2372									
2526									
901									
2483									
0									
1572									
1023									
230									
846									
511									
546									
176									
539									
842									
404									
143									
671									
1003									
789									
824									
2384									
292									
973									
1275									
986									
658									
2154									
708									
1618									
84									
1360									
2422									
1016									
1145									
1168									
1138									
508									
1954									
1183									
1777									
234									
2382									
120									
2117									
135									
1880									
1328									
258									
1347									
310									
127									
1588									
1462									
1572									
0									
802									
1359									
799									
1067									
1125									
1461									
1167									
816									
1262									
1694									
925									
653									
996									
751									
1768									
1344									
1043									
395									
691									
914									
868									
1018									
767									
1600									
357									
1701									
812									
466									
615									
438									
1072									
1074									
729									
603									
1806									
1385									
1692									
1367									
1663									
1360									
982									
1398									
1151									
1316									
1676									
846									
2174									
1023									
802									
0									
796									
712									
663									
847									
861									
493									
229									
625									
1101									
652									
719									
916									
420									
2343									
735									
1110									
408									
176									
535									
1637									
317									
1325									
1013									
841									
2314									
927									
372									
877									
554									
566									
1699									
997									
1303									
1244									
2085									
1126									
1966									
1061									
1852									
1299									
779									
1432									
714									
1148									
1361									
2357									
230									
1359									
796									
0									
675									
323									
431									
112									
323									
612									
192									
336									
491									
824									
673									
607									
2312									
92									
884									
1049									
756									
451									
1985									
484									
1475									
242									
1170									
2337									
877									
922									
1002									
929									
286									
1829									
1038									
1607									
460									
2257									
342									
2016									
304									
1800									
1226									
106									
1272									
95									
353									
1457									
1698									
846									
799									
712									
675									
0									
353									
333									
787									
659									
506									
674									
984									
186									
160									
228									
294									
1728									
704									
398									
650									
546									
279									
1311									
625									
808									
897									
523									
1728									
242									
516									
327									
380									
441									
1174									
378									
934									
1066									
1599									
964									
1390									
962									
1216									
632									
754									
739									
677									
927									
801									
2045									
511									
1067									
663									
323									
353									
0									
205									
435									
372									
437									
342									
643									
168									
502									
394									
335									
2035									
353									
618									
803									
559									
160									
1662									
427									
1158									
552									
852									
2048									
566									
665									
680									
630									
135									
1517									
722									
1284									
741									
1945									
631									
1719									
617									
1520									
936									
402									
1006									
327									
609									
1144									
1941									
546									
1125									
847									
431									
333									
205									
0									
535									
571									
618									
517									
689									
219									
492									
246									
467									
1882									
493									
453									
922									
722									
313									
1615									
631									
1072									
610									
855									
1906									
471									
781									
634									
693									
338									
1411									
638									
1240									
750									
1840									
657									
1588									
674									
1369									
797									
531									
842									
474									
610									
1043									
2467									
176									
1461									
861									
112									
787									
435									
535									
0									
371									
695									
236									
243									
603									
936									
779									
709									
2413									
127									
986									
1140									
840									
558									
2097									
544									
1586									
152									
1280									
2440									
987									
1017									
1114									
1035									
389									
1938									
1149									
1719									
383									
2367									
265									
2122									
206									
1902									
1332									
84									
1373									
151									
301									
1567									
2343									
539									
1167									
493									
323									
659									
372									
571									
371									
0									
357									
135									
608									
491									
768									
760									
455									
2383									
248									
985									
810									
498									
379									
1896									
176									
1452									
521									
1057									
2387									
898									
703									
959									
776									
239									
1825									
1034									
1526									
753									
2245									
636									
2049									
569									
1870									
1283									
288									
1368									
231									
666									
1455									
2079									
842									
816									
229									
612									
506									
437									
618									
695									
357									
0									
469									
938									
426									
546									
697									
214									
2194									
569									
900									
454									
145									
307									
1586									
204									
1202									
845									
753									
2178									
737									
350									
724									
458									
353									
1581									
831									
1228									
1072									
1985									
953									
1831									
901									
1692									
1121									
619									
1242									
544									
963									
1224									
2372									
404									
1262									
625									
192									
674									
342									
517									
236									
135									
469									
0									
476									
493									
803									
735									
523									
2377									
113									
958									
921									
613									
406									
1954									
308									
1481									
388									
1120									
2389									
903									
805									
992									
852									
233									
1848									
1052									
1579									
619									
2273									
502									
2057									
438									
1862									
1277									
155									
1347									
98									
531									
1475									
2626									
143									
1694									
1101									
336									
984									
643									
689									
243									
608									
938									
476									
0									
807									
1140									
932									
943									
2522									
370									
1115									
1382									
1083									
783									
2294									
784									
1761									
94									
1495									
2562									
1159									
1257									
1308									
1263									
622									
2098									
1326									
1917									
152									
2525									
68									
2259									
41									
2020									
1471									
322									
1487									
394									
155									
1732									
1882									
671									
925									
652									
491									
186									
168									
219									
603									
491									
426									
493									
807									
0									
334									
283									
252									
1893									
518									
503									
703									
513									
129									
1494									
491									
993									
717									
689									
1899									
411									
563									
512									
488									
261									
1356									
560									
1116									
897									
1782									
790									
1566									
782									
1379									
792									
568									
879									
491									
762									
983									
1575									
1003									
653									
719									
824									
160									
502									
492									
936									
768									
546									
803									
1140									
334									
0									
344									
340									
1650									
845									
443									
565									
543									
398									
1161									
702									
684									
1051									
364									
1638									
221									
446									
191									
266									
571									
1059									
285									
783									
1225									
1477									
1121									
1294									
1116									
1147									
581									
897									
716									
817									
1087									
691									
1695									
789									
996									
916									
673									
228									
394									
246									
779									
760									
697									
735									
932									
283									
344									
0									
497									
1645									
728									
225									
878									
760									
413									
1389									
774									
833									
855									
682									
1665									
240									
745									
431									
599									
521									
1166									
406									
1019									
983									
1594									
897									
1343									
918									
1131									
553									
770									
612									
706									
843									
800									
1900									
824									
751									
420									
607									
294									
335									
467									
709									
455									
214									
523									
943									
252									
340									
497									
0									
1989									
595									
691									
468									
265									
175									
1441									
364									
1014									
849									
603									
1978									
524									
330									
526									
329									
321									
1392									
624									
1071									
1058									
1805									
943									
1633									
911									
1484									
909									
649									
1028									
567									
933									
1028									
590									
2384									
1768									
2343									
2312									
1728									
2035									
1882									
2413									
2383									
2194									
2377									
2522									
1893									
1650									
1645									
1989									
0									
2373									
1429									
2038									
2168									
2006									
1091									
2348									
1031									
2462									
1532									
146									
1486									
1993									
1471									
1792									
2152									
695									
1366									
1174									
2523									
568									
2471									
401									
2519									
515									
1101									
2413									
1041									
2351									
2396									
983									
2397									
292									
1344									
735									
92									
704									
353									
493									
127									
248									
569									
113									
370									
518									
845									
728									
595									
2373									
0									
945									
1016									
714									
455									
2004									
419									
1510									
279									
1178									
2392									
918									
895									
1028									
923									
280									
1870									
1075									
1627									
509									
2297									
391									
2067									
332									
1859									
1280									
54									
1335									
28									
418									
1497									
1518									
973									
1043									
1110									
884									
398									
618									
453									
986									
985									
900									
958									
1115									
503									
443									
225									
691									
1429									
945									
0									
1008									
944									
631									
1280									
994									
698									
1046									
695									
1455									
234									
886									
429									
708									
746									
993									
338									
930									
1146									
1417									
1073									
1144									
1107									
917									
357									
984									
390									
924									
1008									
645									
1807									
1275									
395									
408									
1049									
650									
803									
922									
1140									
810									
454									
921									
1382									
703									
565									
878									
468									
2038									
1016									
1008									
0									
314									
643									
1244									
647									
1007									
1288									
507									
1992									
781									
140									
647									
304									
768									
1364									
781									
930									
1508									
1723									
1391									
1646									
1346									
1578									
1085									
1068									
1242									
990									
1390									
1062									
2013									
986									
691									
176									
756									
546									
559									
722									
840									
498									
145									
613									
1083									
513									
543									
760									
265									
2168									
714									
944									
314									
0									
411									
1494									
333									
1155									
990									
678									
2142									
754									
229									
701									
386									
490									
1531									
820									
1148									
1216									
1922									
1097									
1793									
1046									
1676									
1123									
764									
1257									
689									
1106									
1188									
1969									
658									
914									
535									
451									
279									
160									
313									
558									
379									
307									
406									
783									
129									
398									
413									
175									
2006									
455									
631									
643									
411									
0									
1551									
363									
1078									
690									
724									
2007									
519									
505									
587									
480									
176									
1449									
655									
1175									
891									
1871									
778									
1670									
754									
1493									
907									
508									
1002									
427									
763									
1077									
629									
2154									
868									
1637									
1985									
1311									
1662									
1615									
2097									
1896									
1586									
1954									
2294									
1494									
1161									
1389									
1441									
1091									
2004									
1280									
1244									
1494									
1551									
0									
1784									
586									
2208									
839									
979									
1150									
1268									
986									
1129									
1727									
500									
983									
378									
2365									
576									
2269									
730									
2273									
902									
977									
2057									
1091									
1976									
2225									
660									
2263									
708									
1018									
317									
484									
625									
427									
631									
544									
176									
204									
308									
784									
491									
702									
774									
364									
2348									
419									
994									
647									
333									
363									
1784									
0									
1378									
696									
948									
2340									
867									
552									
890									
655									
301									
1756									
983									
1422									
927									
2168									
809									
1996									
744									
1839									
1257									
462									
1361									
399									
834									
1392									
892									
1618									
767									
1325									
1475									
808									
1158									
1072									
1586									
1452									
1202									
1481									
1761									
993									
684									
833									
1014									
1031									
1510									
698									
1007									
1155									
1078									
586									
1378									
0									
1680									
500									
990									
602									
966									
493									
771									
1247									
378									
437									
289									
1816									
794									
1729									
642									
1745									
593									
394									
1559									
528									
1484									
1676									
95									
2551									
84									
1600									
1013									
242									
897									
552									
610									
152									
521									
845									
388									
94									
717									
1051									
855									
849									
2462									
279									
1046									
1288									
990									
690									
2208									
696									
1680									
0									
1404									
2498									
1078									
1163									
1221									
1170									
528									
2021									
1244									
1830									
232									
2450									
116									
2190									
65									
1957									
1400									
234									
1424									
302									
173									
1654									
1335									
1360									
357									
841									
1170									
523									
852									
855									
1280									
1057									
753									
1120									
1495									
689									
364									
682									
603									
1532									
1178									
695									
507									
678									
724									
839									
948									
500									
1404									
0									
1488									
472									
472									
266									
296									
899									
864									
372									
474									
1585									
1245									
1479									
1141									
1468									
1075									
633									
1232									
801									
1150									
1448									
556									
447									
2422									
1701									
2314									
2337									
1728									
2048									
1906									
2440									
2387									
2178									
2389									
2562									
1899									
1638									
1665									
1978									
146									
2392									
1455									
1992									
2142									
2007									
979									
2340									
990									
2498									
1488									
0									
1489									
1956									
1454									
1760									
2161									
630									
1357									
1100									
2573									
433									
2514									
348									
2557									
542									
1113									
2435									
1075									
2369									
2442									
955									
1481									
1016									
812									
927									
877									
242									
566									
471									
987									
898									
737									
903									
1159									
411									
221									
240									
524									
1486									
918									
234									
781									
754									
519									
1150									
867									
602									
1078									
472									
1489									
0									
667									
207									
479									
672									
952									
168									
780									
1219									
1380									
1128									
1155									
1142									
974									
390									
966									
506									
893									
1078									
580									
1802									
1145									
466									
372									
922									
516									
665									
781									
1017									
703									
350									
805									
1257									
563									
446									
745									
330									
1993									
895									
886									
140									
229									
505									
1268									
552									
966									
1163									
472									
1956									
667									
0									
557									
207									
638									
1335									
688									
930									
1379									
1714									
1262									
1608									
1222									
1516									
995									
948									
1146									
868									
1258									
1010									
1384									
1168									
615									
877									
1002									
327									
680									
634									
1114									
959									
724									
992									
1308									
512									
191									
431									
526									
1471									
1028									
429									
647									
701									
587									
986									
890									
493									
1221									
266									
1454									
207									
557									
0									
351									
759									
868									
134									
609									
1382									
1286									
1284									
1108									
1287									
976									
439									
1080									
595									
1002									
1242									
502									
1629									
1138									
438									
554									
929									
380									
630									
693									
1035									
776									
458									
852									
1263									
488									
266									
599									
329									
1792									
923									
708									
304									
386									
480									
1129									
655									
771									
1170									
296									
1760									
479									
207									
351									
0									
645									
1145									
483									
770									
1370									
1537									
1257									
1412									
1233									
1311									
790									
977									
943									
895									
1239									
809									
2138									
508									
1072									
566									
286									
441									
135									
338									
389									
239									
353									
233									
622									
261									
571									
521									
321									
2152									
280									
746									
768									
490									
176									
1727									
301									
1247									
528									
899									
2161									
672									
638									
759									
645									
0									
1615									
819									
1351									
742									
2039									
625									
1827									
590									
1638									
1052									
334									
1131									
252									
622									
1242									
529									
1954									
1074									
1699									
1829									
1174									
1517									
1411									
1938									
1825									
1581									
1848									
2098									
1356									
1059									
1166									
1392									
695									
1870									
993									
1364									
1531									
1449									
500									
1756									
378									
2021									
864									
630									
952									
1335									
868									
1145									
1615									
0									
796									
479									
2138									
429									
2060									
294									
2084									
402									
640									
1918									
694									
1845									
1999									
373									
1322									
1183									
729									
997									
1038									
378									
722									
638									
1149									
1034									
831									
1052									
1326									
560									
285									
406									
624									
1366									
1075									
338									
781									
820									
655									
983									
983									
437									
1244									
372									
1357									
168									
688									
134									
483									
819									
796									
0									
615									
1387									
1223									
1296									
1016									
1308									
862									
307									
1124									
461									
1049									
1246									
423									
877									
1777									
603									
1303									
1607									
934									
1284									
1240									
1719									
1526									
1228									
1579									
1917									
1116									
783									
1019									
1071									
1174									
1627									
930									
930									
1148									
1175									
378									
1422									
289									
1830									
474									
1100									
780									
930									
609									
770									
1351									
479									
615									
0									
1990									
793									
1893									
773									
1895									
817									
670									
1680									
814									
1599									
1850									
383									
2664									
234									
1806									
1244									
460									
1066									
741									
750									
383									
753									
1072									
619									
152									
897									
1225									
983									
1058									
2523									
509									
1146									
1508									
1216									
891									
2365									
927									
1816									
232									
1585									
2573									
1219									
1379									
1382									
1370									
742									
2138									
1387									
1990									
0									
2563									
119									
2281									
193									
2031									
1503									
465									
1501									
531									
141									
1779									
101									
2382									
1385									
2085									
2257									
1599									
1945									
1840									
2367									
2245									
1985									
2273									
2525									
1782									
1477									
1594									
1805									
568									
2297									
1417									
1723									
1922									
1871									
576									
2168									
794									
2450									
1245									
433									
1380									
1714									
1286									
1537									
2039									
429									
1223									
793									
2563									
0									
2487									
358									
2513									
646									
1061									
2345									
1091									
2272									
2425									
801									
2588									
120									
1692									
1126									
342									
964									
631									
657									
265									
636									
953									
502									
68									
790									
1121									
897									
943									
2471									
391									
1073									
1391									
1097									
778									
2269									
809									
1729									
116									
1479									
2514									
1128									
1262									
1284									
1257									
625									
2060									
1296									
1893									
119									
2487									
0									
2214									
98									
1971									
1429									
349									
1439									
412									
88									
1696									
442									
2117									
1367									
1966									
2016									
1390									
1719									
1588									
2122									
2049									
1831									
2057									
2259									
1566									
1294									
1343									
1633									
401									
2067									
1144									
1646									
1793									
1670									
730									
1996									
642									
2190									
1141									
348									
1155									
1608									
1108									
1412									
1827									
294									
1016									
773									
2281									
358									
2214									
0									
2250									
291									
791									
2111									
783									
2043									
2147									
607									
2614									
135									
1663									
1061									
304									
962									
617									
674									
206									
569									
901									
438									
41									
782									
1116									
918									
911									
2519									
332									
1107									
1346									
1046									
754									
2273									
744									
1745									
65									
1468									
2557									
1142									
1222									
1287									
1233									
590									
2084									
1308									
1895									
193									
2513									
98									
2250									
0									
2015									
1461									
283									
1482									
357									
179									
1717									
733									
1880									
1360									
1852									
1800									
1216									
1520									
1369									
1902									
1870									
1692									
1862									
2020									
1379									
1147									
1131									
1484									
515									
1859									
917									
1578									
1676									
1493									
902									
1839									
593									
1957									
1075									
542									
974									
1516									
976									
1311									
1638									
402									
862									
817									
2031									
646									
1971									
291									
2015									
0									
587									
1900									
533									
1837									
1900									
521									
1162									
1328									
982									
1299									
1226									
632									
936									
797									
1332									
1283									
1121									
1277									
1471									
792									
581									
553									
909									
1101									
1280									
357									
1085									
1123									
907									
977									
1257									
394									
1400									
633									
1113									
390									
995									
439									
790									
1052									
640									
307									
670									
1503									
1061									
1429									
791									
1461									
587									
0									
1322									
169									
1256									
1365									
318									
2446									
258									
1398									
779									
106									
754									
402									
531									
84									
288									
619									
155									
322									
568									
897									
770									
649									
2413									
54									
984									
1068									
764									
508									
2057									
462									
1559									
234									
1232									
2435									
966									
948									
1080									
977									
334									
1918									
1124									
1680									
465									
2345									
349									
2111									
283									
1900									
1322									
0									
1374									
82									
384									
1545									
1190									
1347									
1151									
1432									
1272									
739									
1006									
842									
1373									
1368									
1242									
1347									
1487									
879									
716									
612									
1028									
1041									
1335									
390									
1242									
1257									
1002									
1091									
1361									
528									
1424									
801									
1075									
506									
1146									
595									
943									
1131									
694									
461									
814									
1501									
1091									
1439									
783									
1482									
533									
169									
1374									
0									
1314									
1368									
439									
2372									
310									
1316									
714									
95									
677									
327									
474									
151									
231									
544									
98									
394									
491									
817									
706									
567									
2351									
28									
924									
990									
689									
427									
1976									
399									
1484									
302									
1150									
2369									
893									
868									
1002									
895									
252									
1845									
1049									
1599									
531									
2272									
412									
2043									
357									
1837									
1256									
82									
1314									
0									
436									
1472									
2526									
127									
1676									
1148									
353									
927									
609									
610									
301									
666									
963									
531									
155									
762									
1087									
843									
933									
2396									
418									
1008									
1390									
1106									
763									
2225									
834									
1676									
173									
1448									
2442									
1078									
1258									
1242									
1239									
622									
1999									
1246									
1850									
141									
2425									
88									
2147									
179									
1900									
1365									
384									
1368									
436									
0									
1639									
901									
1588									
846									
1361									
1457									
801									
1144									
1043									
1567									
1455									
1224									
1475									
1732									
983									
691									
800									
1028									
983									
1497									
645									
1062									
1188									
1077									
660									
1392									
95									
1654									
556									
955									
580									
1010									
502									
809									
1242									
373									
423									
383									
1779									
801									
1696									
607									
1717									
521									
318									
1545									
439									
1472									
1639									
0									
