0
2456
717
1420
78
2427
488
1371
2140
1583
2552
170
646
2576
835
478
739
955
204
190
2407
1898
407
1158
760
1625
1512
1401
1327
2442
1095
2452
2119
877
533
747
294
1812
2560
317
2503
1020
1227
569
1090
2458
1149
506
296
1266
1012
1193
421
288
1069
1024
1187
811
893
1084
153
1973
100
565
2152
913
1156
2467
829
138
596
53
440
1762
157
1603
1397
2402
215
980
2437
179
134
607
1928
332
1361
258
2456
0
1746
1380
2397
116
1983
1249
366
1210
293
2322
1814
344
2153
1982
1745
1611
2303
2600
956
711
2053
1685
1785
842
1234
1217
1187
821
1363
27
455
1591
2124
1939
2373
673
331
2140
352
1526
1276
1901
2344
200
1316
1955
2201
1202
1533
1609
2239
2288
1630
1442
1274
1675
1853
1482
2582
581
2517
1912
666
2000
1302
786
1628
2457
2135
2415
2057
714
2304
888
1271
356
2569
1486
923
2330
2381
1882
925
2658
1195
2518
717
1746
0
938
667
1724
238
799
1445
1047
1834
607
164
1859
863
276
86
482
597
854
1733
1241
311
823
394
909
974
821
688
1752
407
1743
1437
259
589
586
714
1122
1842
412
1785
354
592
250
1189
1741
432
212
456
587
347
810
639
619
672
306
472
122
660
553
836
1256
772
171
1447
809
463
1773
175
712
653
682
400
1070
573
885
731
1685
825
328
1758
620
665
293
1244
920
660
780
1420
1380
938
0
1343
1299
1107
224
1014
189
1604
1252
867
1649
822
994
1006
484
1220
1606
1890
671
1114
327
666
875
146
236
413
1832
648
1363
933
679
926
700
1214
752
1631
1138
1603
1056
440
895
967
1486
795
1053
1287
559
1056
259
1056
1159
354
822
767
978
567
385
1572
1200
1512
1077
1492
665
641
1830
764
1490
899
1368
984
737
1270
946
1212
1525
1608
635
1891
1247
1300
837
1466
1724
1045
1599
78
2397
667
1343
0
2365
445
1298
2077
1507
2499
92
584
2524
763
416
696
881
126
268
2374
1829
357
1080
686
1569
1437
1328
1259
2405
1034
2392
2053
812
456
670
231
1748
2508
257
2452
983
1159
502
1026
2403
1096
456
277
1203
975
1116
347
212
992
971
1132
766
815
1012
231
1923
177
523
2109
837
1095
2429
769
196
520
25
366
1699
94
1551
1362
2351
289
916
2403
102
62
536
1891
407
1319
322
2427
116
1724
1299
2365
0
1961
1181
297
1124
409
2288
1782
460
2086
1950
1729
1558
2267
2576
1059
628
2027
1611
1737
834
1153
1148
1135
927
1332
90
366
1555
2074
1883
2330
623
447
2110
466
1525
1228
1865
2266
313
1298
1930
2180
1164
1532
1535
2192
2247
1564
1423
1255
1660
1790
1426
2556
621
2491
1892
747
1932
1271
894
1597
2435
2081
2384
2019
668
2273
890
1294
461
2549
1450
1029
2295
2347
1843
990
2641
1205
2501
488
1983
238
1107
445
1961
0
997
1682
1237
2067
400
240
2091
836
166
251
625
399
616
1930
1470
96
932
472
1145
1163
1022
908
1959
640
1981
1672
456
511
600
541
1358
2074
210
2016
538
809
236
1159
1976
669
55
218
819
530
937
512
448
797
543
710
323
714
727
600
1487
536
77
1665
827
698
1983
385
474
589
458
289
1306
354
1118
919
1916
588
545
1959
418
455
304
1446
684
874
545
1371
1249
799
224
1298
1181
997
0
886
252
1448
1209
762
1490
905
912
855
419
1181
1549
1682
568
1023
445
614
660
181
33
190
1632
454
1235
824
544
927
716
1205
587
1472
1068
1438
861
235
813
1107
1332
587
948
1196
340
862
369
1053
1135
383
631
554
816
611
286
1519
1002
1455
954
1289
752
436
1632
624
1422
919
1321
932
561
1215
727
991
1353
1542
475
1686
1209
1263
765
1247
1653
823
1521
2140
366
1445
1014
2077
297
1682
886
0
847
608
1998
1494
657
1791
1662
1456
1261
1976
2294
1110
348
1743
1319
1441
586
868
853
839
1001
1046
351
116
1265
1778
1586
2036
329
640
1823
629
1273
932
1576
1978
490
1028
1648
1901
874
1280
1244
1896
1954
1268
1150
983
1389
1494
1129
2273
500
2208
1615
730
1637
986
979
1311
2154
1784
2097
1727
378
1985
660
1091
576
2269
1161
1091
2004
2057
1551
902
2365
977
2225
1583
1210
1047
189
1507
1124
1237
252
847
0
1447
1416
999
1493
1010
1140
1106
631
1386
1766
1785
499
1255
516
823
799
74
238
419
1716
705
1192
758
790
1103
880
1390
614
1475
1291
1453
1109
485
1040
1147
1328
828
1186
1430
573
1110
447
1233
1330
530
881
791
1068
751
512
1734
1087
1672
1199
1381
854
681
1710
872
1645
1081
1531
1143
610
1430
881
1205
1380
1764
726
1783
1413
1467
987
1390
1878
1035
1749
2552
293
1834
1604
2499
409
2067
1448
608
1447
0
2431
1924
51
2339
2089
1819
1774
2415
2680
713
953
2145
1892
1932
932
1461
1418
1356
571
1482
319
715
1716
2272
2105
2502
861
38
2242
90
1569
1434
2017
2555
119
1403
2046
2280
1340
1577
1816
2378
2412
1819
1528
1367
1748
2034
1651
2666
584
2602
1992
526
2191
1421
530
1739
2536
2293
2515
2179
889
2404
949
1259
171
2643
1612
675
2442
2491
2008
816
2722
1222
2583
170
2322
607
1252
92
2288
400
1209
1998
1416
2431
0
509
2458
682
343
645
791
35
360
2329
1744
306
988
596
1500
1346
1240
1175
2355
959
2317
1971
733
366
578
180
1669
2441
195
2386
937
1076
423
958
2334
1029
401
274
1124
929
1023
265
131
900
907
1065
713
723
923
323
1859
267
476
2053
749
1020
2377
695
275
434
117
278
1621
69
1486
1319
2286
377
838
2357
23
59
451
1843
496
1265
401
646
1814
164
867
584
1782
240
762
1494
999
1924
509
0
1952
700
168
246
386
491
807
1869
1258
262
704
252
993
925
789
689
1881
451
1809
1473
233
430
426
587
1166
1935
329
1882
510
589
98
1026
1826
528
187
435
620
503
703
491
493
563
411
560
283
513
488
782
1356
717
219
1566
652
512
1899
186
671
491
603
261
1116
491
983
879
1782
790
334
1893
518
568
129
1379
897
792
762
2576
344
1859
1649
2524
460
2091
1490
657
1493
51
2458
1952
0
2377
2116
1842
1809
2443
2702
679
1000
2170
1934
1966
961
1506
1460
1394
535
1512
370
764
1746
2305
2141
2532
903
18
2268
80
1587
1470
2045
2597
167
1429
2070
2302
1373
1595
1858
2410
2441
1859
1553
1394
1770
2072
1689
2688
604
2625
2015
520
2231
1452
493
1768
2558
2327
2540
2208
930
2430
973
1270
179
2663
1643
639
2469
2517
2038
811
2741
1239
2602
835
2153
863
822
763
2086
836
905
1791
1010
2339
682
700
2377
0
671
946
586
648
1017
2453
1467
770
494
500
1460
959
937
984
2435
950
2140
1726
753
339
287
548
1484
2359
705
2319
1191
915
629
327
2225
1101
790
881
1030
1185
564
417
552
523
1023
1110
978
307
692
977
1837
934
870
2097
157
997
2445
793
956
260
786
554
1451
737
1490
1528
2229
1050
826
2468
665
702
573
1971
1165
1405
1083
478
1982
276
994
416
1950
166
912
1662
1140
2089
343
168
2116
671
0
334
511
327
643
2009
1422
124
790
335
1158
1067
940
852
2027
619
1977
1640
399
351
437
438
1333
2099
162
2045
626
751
100
995
1992
688
120
293
788
618
803
372
342
665
566
722
394
559
630
617
1517
552
205
1719
663
680
2048
353
511
427
435
135
1284
323
1144
1006
1945
631
502
2035
353
402
160
1520
741
936
609
739
1745
86
1006
696
1729
251
855
1456
1106
1819
645
246
1842
946
334
0
561
639
861
1685
1271
340
905
480
903
1033
875
731
1711
438
1744
1455
328
664
671
767
1138
1826
450
1767
294
639
325
1272
1730
430
244
460
617
287
889
704
671
752
306
474
72
746
623
847
1238
784
174
1414
894
489
1734
243
717
731
709
465
1085
603
871
676
1666
826
381
1712
660
701
374
1199
913
623
773
955
1611
482
484
881
1558
625
419
1261
631
1774
791
386
1809
586
511
561
0
762
1136
1868
972
630
348
195
876
559
450
424
1849
374
1602
1216
244
518
331
789
938
1792
660
1748
702
339
412
869
1664
536
571
803
445
699
328
640
717
193
488
537
552
286
136
1104
1253
1042
601
1511
462
415
1859
324
1014
524
904
515
898
800
904
982
1654
1133
268
1883
790
845
356
1390
1247
842
1119
204
2303
597
1220
126
2267
399
1181
1976
1386
2415
35
491
2443
648
327
639
762
0
394
2324
1719
304
954
567
1484
1316
1212
1150
2347
940
2297
1948
712
332
544
159
1647
2426
190
2372
932
1051
402
926
2317
1015
395
292
1103
924
990
231
98
868
893
1049
706
689
895
357
1845
302
474
2043
714
1002
2369
677
310
399
151
252
1599
95
1472
1314
2272
412
817
2351
28
82
427
1837
531
1256
436
190
2600
854
1606
268
2576
616
1549
2294
1766
2680
360
807
2702
1017
643
861
1136
394
0
2489
2064
551
1348
943
1761
1694
1578
1495
2534
1248
2597
2278
1040
722
938
470
1968
2686
482
2626
1123
1394
739
1258
2591
1285
646
400
1424
1115
1382
608
476
1257
1159
1326
932
1083
1263
41
2098
94
689
2259
1101
1308
2562
984
143
784
243
622
1917
336
1732
1487
2525
68
1140
2522
370
322
783
2020
152
1471
155
2407
956
1733
1890
2374
1059
1930
1682
1110
1785
713
2329
1869
679
2453
2009
1685
1868
2324
2489
0
1374
2023
2101
1971
1025
1769
1660
1524
145
1504
980
1224
1719
2284
2177
2447
1184
681
2135
627
1392
1563
1967
2731
760
1364
1929
2112
1435
1400
2031
2360
2351
1982
1465
1347
1618
2154
1781
2487
699
2430
1853
405
2329
1456
189
1707
2352
2328
2384
2128
1178
2284
973
1011
600
2437
1632
47
2345
2385
1984
491
2488
1077
2362
1898
711
1241
671
1829
628
1470
568
348
499
953
1744
1258
1000
1467
1422
1271
972
1719
2064
1374
0
1518
985
1162
554
525
535
571
1283
835
693
262
1025
1489
1283
1760
226
983
1584
965
1150
671
1328
1638
834
869
1429
1685
655
1155
910
1612
1684
950
976
823
1211
1178
837
2039
688
1974
1411
971
1311
782
1269
1086
1929
1485
1850
1467
266
1741
649
1076
901
2048
927
1363
1747
1801
1293
1061
2152
926
2014
407
2053
311
1114
357
2027
96
1023
1743
1255
2145
306
262
2170
770
124
340
630
304
551
2023
1518
0
913
458
1218
1182
1050
950
2050
697
2049
1728
494
436
554
445
1417
2153
114
2096
630
850
220
1088
2052
743
99
174
873
623
926
423
353
788
617
781
409
680
744
530
1567
465
170
1752
775
757
2073
434
412
516
372
216
1366
264
1196
1012
1996
530
591
2051
323
362
283
1538
635
962
499
1158
1685
823
327
1080
1611
932
445
1319
516
1892
988
704
1934
494
790
905
348
954
1348
2101
985
913
0
459
1077
467
474
577
2061
679
1670
1246
592
637
412
923
1031
1916
909
1882
1045
543
698
663
1776
845
876
1077
676
1043
76
764
881
157
822
834
900
267
351
1311
1437
1255
923
1718
338
701
2064
672
1246
596
1105
743
1006
1018
1130
1294
1798
1360
602
2109
980
1031
632
1644
1478
1140
1364
760
1785
394
666
686
1737
472
614
1441
823
1932
596
252
1966
500
335
480
195
567
943
1971
1162
458
459
0
1014
751
645
603
1964
471
1776
1401
255
341
214
598
1114
1948
472
1900
696
509
240
817
1825
609
417
627
592
691
468
455
523
330
524
624
497
265
329
911
1392
849
467
1633
420
526
1978
294
824
364
709
321
1071
607
1028
1028
1805
943
340
1989
595
649
175
1484
1058
909
933
1625
842
909
875
1569
834
1145
660
586
799
932
1500
993
961
1460
1158
903
876
1484
1761
1025
554
1218
1077
1014
0
767
641
500
985
552
842
622
786
1351
1202
1571
335
943
1312
892
692
549
1085
1719
834
477
1120
1361
430
698
1007
1452
1481
966
602
437
833
1155
771
1745
378
1680
1072
642
1325
493
990
808
1618
1378
1586
1247
289
1475
95
528
794
1729
684
1031
1510
1559
1078
593
1816
394
1676
1512
1234
974
146
1437
1153
1163
181
868
74
1461
1346
925
1506
959
1067
1033
559
1316
1694
1769
525
1182
467
751
767
0
171
357
1706
636
1217
787
716
1038
816
1323
613
1488
1218
1462
1042
416
967
1113
1342
763
1112
1356
511
1043
395
1167
1262
466
812
729
996
691
438
1663
1074
1600
1125
1367
802
615
1701
799
1572
1018
1461
1072
603
1359
846
1151
1385
1692
653
1768
1344
1398
914
1360
1806
982
1676
1401
1217
821
236
1328
1148
1022
33
853
238
1418
1240
789
1460
937
940
875
450
1212
1578
1660
535
1050
474
645
641
171
0
188
1608
467
1203
791
568
959
749
1237
557
1442
1097
1408
871
247
841
1137
1301
593
974
1223
341
872
399
1085
1167
416
643
558
834
644
317
1549
978
1485
978
1266
784
444
1608
647
1451
952
1351
962
532
1245
711
988
1325
1570
495
1664
1240
1294
795
1231
1681
819
1548
1327
1187
688
413
1259
1135
908
190
839
419
1356
1175
689
1394
984
852
731
424
1150
1495
1524
571
950
577
603
500
357
188
0
1484
300
1177
800
457
939
753
1199
514
1376
1013
1335
693
100
758
1225
1244
409
864
1120
154
695
507
1057
1120
472
472
372
682
678
296
1468
864
1404
855
1141
841
266
1488
523
1360
948
1280
899
474
1170
556
801
1245
1479
364
1532
1178
1232
724
1075
1585
633
1448
2442
821
1752
1832
2405
927
1959
1632
1001
1716
571
2355
1881
535
2435
2027
1711
1849
2347
2534
145
1283
2050
2061
1964
985
1706
1608
1484
0
1494
846
1116
1716
2286
2166
2464
1106
537
2160
486
1422
1532
1978
2703
623
1363
1954
2150
1408
1430
1990
2369
2369
1950
1471
1342
1642
2133
1753
2530
632
2471
1882
343
2306
1442
46
1711
2395
2325
2416
2142
1106
2313
945
1048
466
2485
1624
104
2370
2412
1990
515
2543
1092
2413
1095
1363
407
648
1034
1332
640
454
1046
705
1482
959
451
1512
950
619
438
374
940
1248
1504
835
697
679
471
552
636
467
300
1494
0
1358
1032
234
802
673
1020
720
1494
779
1444
409
220
538
1242
1380
167
603
857
181
409
630
900
931
529
177
163
383
658
327
1226
926
1161
578
1162
835
61
1507
266
1108
835
1053
698
669
941
558
616
1346
1225
133
1521
967
1018
527
1021
1324
469
1184
2452
27
1743
1363
2392
90
1981
1235
351
1192
319
2317
1809
370
2140
1977
1744
1602
2297
2597
980
693
2049
1670
1776
842
1217
1203
1177
846
1358
0
435
1585
2115
1929
2366
663
357
2136
378
1528
1267
1895
2328
226
1314
1952
2199
1196
1535
1594
2230
2281
1617
1440
1272
1674
1841
1471
2579
592
2514
1910
686
1987
1297
812
1624
2455
2125
2411
2051
705
2299
890
1279
381
2568
1480
949
2324
2376
1876
942
2657
1200
2517
2119
455
1437
933
2053
366
1672
824
116
758
715
1971
1473
764
1726
1640
1455
1216
1948
2278
1224
262
1728
1246
1401
622
787
791
800
1116
1032
435
0
1242
1734
1534
1999
318
748
1802
740
1293
897
1550
1900
597
1033
1635
1890
855
1298
1171
1855
1920
1207
1150
986
1390
1434
1081
2255
596
2190
1608
840
1571
974
1094
1294
2140
1735
2073
1697
371
1962
704
1143
690
2257
1139
1205
1976
2029
1521
997
2356
1016
2216
877
1591
259
679
812
1555
456
544
1265
790
1716
733
233
1746
753
399
328
244
712
1040
1719
1025
494
592
255
786
716
568
457
1716
234
1585
1242
0
571
468
787
936
1729
561
1678
464
356
311
1063
1613
355
409
664
391
460
568
666
698
436
270
374
310
488
295
1015
1159
950
410
1389
659
294
1731
85
904
610
832
466
888
721
790
776
1580
1023
105
1738
740
792
293
1231
1129
654
992
533
2124
589
926
456
2074
511
927
1778
1103
2272
366
430
2305
339
351
664
518
332
722
2284
1489
436
637
341
1351
1038
959
939
2286
802
2115
1734
571
0
227
288
1453
2288
365
2240
940
848
339
652
2166
922
471
542
932
933
681
130
247
574
819
945
711
369
653
684
1727
632
556
1960
384
859
2301
577
639
80
480
222
1411
412
1360
1307
2143
744
669
2305
353
401
304
1793
862
1209
764
747
1939
586
700
670
1883
600
716
1586
880
2105
578
426
2141
287
437
671
331
544
938
2177
1283
554
412
214
1202
816
749
753
2166
673
1929
1534
468
227
0
515
1266
2123
522
2079
905
671
372
607
1995
819
548
699
773
900
454
357
469
350
737
831
697
145
458
901
1581
845
618
1831
229
724
2178
506
842
204
695
353
1228
612
1224
1242
1985
953
546
2194
569
619
307
1692
1072
1121
963
294
2373
714
1214
231
2330
541
1205
2036
1390
2502
180
587
2532
548
438
767
789
159
470
2447
1760
445
923
598
1571
1323
1237
1199
2464
1020
2366
1999
787
288
515
0
1707
2515
332
2463
1061
1104
490
796
2400
1114
528
450
1171
1054
969
159
96
861
997
1144
830
656
924
429
1940
391
612
2152
642
1081
2484
766
426
330
250
326
1662
249
1567
1443
2364
507
891
2472
156
170
494
1958
620
1373
551
1812
673
1122
752
1748
623
1358
587
329
614
861
1669
1166
903
1484
1333
1138
938
1647
1968
1184
226
1417
1031
1114
335
613
557
514
1106
720
663
318
936
1453
1266
1707
0
885
1495
854
978
605
1246
1694
745
715
1323
1576
546
984
955
1569
1625
962
833
669
1073
1182
808
1946
486
1880
1292
778
1334
660
1097
984
1828
1462
1768
1398
54
1656
428
863
774
1944
832
1177
1675
1727
1222
841
2042
721
1902
2560
331
1842
1631
2508
447
2074
1472
640
1475
38
2441
1935
18
2359
2099
1826
1792
2426
2686
681
983
2153
1916
1948
943
1488
1442
1376
537
1494
357
748
1729
2288
2123
2515
885
0
2251
69
1572
1452
2028
2579
150
1412
2054
2286
1356
1580
1840
2392
2424
1841
1537
1377
1754
2054
1671
2672
588
2609
1999
511
2213
1434
496
1751
2542
2309
2524
2191
911
2413
957
1256
165
2648
1625
641
2452
2501
2021
802
2725
1224
2587
317
2140
412
1138
257
2110
210
1068
1823
1291
2242
195
329
2268
705
162
450
660
190
482
2135
1584
114
909
472
1312
1218
1097
1013
2160
779
2136
1802
561
365
522
332
1495
2251
0
2195
743
913
257
1013
2146
839
206
179
949
735
931
327
242
798
715
875
518
659
783
455
1667
390
284
1859
731
839
2182
513
354
445
275
169
1445
163
1295
1125
2095
474
663
2162
211
253
304
1649
587
1070
461
2503
352
1785
1603
2452
466
2016
1438
629
1453
90
2386
1882
80
2319
2045
1767
1748
2372
2626
627
965
2096
1882
1900
892
1462
1408
1335
486
1444
378
740
1678
2240
2079
2463
854
69
2195
0
1510
1409
1975
2545
154
1357
1997
2227
1309
1518
1807
2343
2372
1802
1481
1322
1695
2013
1629
2614
529
2551
1941
442
2174
1384
447
1698
2483
2263
2467
2138
877
2357
901
1190
101
2588
1575
590
2397
2446
1969
733
2664
1162
2526
1020
1526
354
1056
983
1525
538
861
1273
1109
1569
937
510
1587
1191
626
294
702
932
1123
1392
1150
630
1045
696
692
1042
871
693
1422
409
1528
1293
464
940
905
1061
978
1572
743
1510
0
626
603
1512
1488
291
537
730
545
8
1010
992
965
889
235
335
232
948
709
1115
986
1054
461
1136
1114
428
1447
403
981
1000
994
753
924
892
638
382
1409
1081
445
1421
953
992
638
909
1154
349
1016
1227
1276
592
440
1159
1228
809
235
932
485
1434
1076
589
1470
915
751
639
339
1051
1394
1563
671
850
543
509
549
416
247
100
1532
220
1267
897
356
848
671
1104
605
1452
913
1409
626
0
658
1171
1324
355
765
1020
133
627
480
964
1023
419
396
327
593
608
223
1368
922
1303
757
1190
777
201
1539
425
1260
861
1180
800
562
1070
591
779
1316
1379
265
1574
1079
1133
625
1101
1485
615
1348
569
1901
250
895
502
1865
236
813
1576
1040
2017
423
98
2045
629
100
325
412
402
739
1967
1328
220
698
240
1085
967
841
758
1978
538
1895
1550
311
339
372
490
1246
2028
257
1975
603
658
0
956
1917
624
181
392
702
596
708
394
397
569
508
655
372
479
530
712
1451
647
247
1663
600
600
1997
278
609
406
523
164
1198
413
1078
975
1876
729
415
1991
429
481
68
1476
840
890
709
1090
2344
1189
967
1026
2266
1159
1107
1978
1147
2555
958
1026
2597
327
995
1272
869
926
1258
2731
1638
1088
663
817
1719
1113
1137
1225
2703
1242
2328
1900
1063
652
607
796
1694
2579
1013
2545
1512
1171
956
0
2438
1400
1115
1185
1297
1507
739
700
828
754
1333
1404
1303
584
951
1217
2088
1185
1196
2361
408
1283
2709
1111
1222
572
1046
873
1668
1020
1760
1838
2460
1301
1126
2743
937
964
900
2258
1410
1706
1347
2458
200
1741
1486
2403
313
1976
1332
490
1328
119
2334
1826
167
2225
1992
1730
1664
2317
2591
760
834
2052
1776
1825
834
1342
1301
1244
623
1380
226
597
1613
2166
1995
2400
745
150
2146
154
1488
1324
1917
2438
0
1309
1953
2190
1234
1496
1700
2274
2311
1705
1435
1271
1659
1921
1540
2576
505
2512
1902
508
2077
1319
587
1641
2447
2184
2420
2078
774
2309
859
1195
164
2555
1509
727
2344
2393
1906
787
2637
1145
2498
1149
1316
432
795
1096
1298
669
587
1028
828
1403
1029
528
1429
1101
688
430
536
1015
1285
1364
869
743
845
609
477
763
593
409
1363
167
1314
1033
355
922
819
1114
715
1412
839
1357
291
355
624
1400
1309
0
644
885
257
294
795
1008
1021
696
126
47
362
817
494
1268
829
1204
596
1041
993
155
1379
350
1142
964
1112
788
661
1001
456
450
1257
1254
275
1383
1041
1089
629
876
1343
306
1203
506
1955
212
1053
456
1930
55
948
1648
1186
2046
401
187
2070
790
120
244
571
395
646
1929
1429
99
876
417
1120
1112
974
864
1954
603
1952
1635
409
471
548
528
1323
2054
206
1997
537
765
181
1115
1953
644
0
256
781
529
881
483
433
741
518
683
312
660
675
627
1468
562
88
1654
775
662
1977
343
505
547
471
251
1271
362
1097
920
1897
622
502
1956
417
458
249
1443
723
865
584
296
2201
456
1287
277
2180
218
1196
1901
1430
2280
274
435
2302
881
293
460
803
292
400
2112
1685
174
1077
627
1361
1356
1223
1120
2150
857
2199
1890
664
542
699
450
1576
2286
179
2227
730
1020
392
1185
2190
885
256
0
1036
722
1093
488
377
957
759
927
532
833
918
387
1698
325
289
1865
910
916
2176
599
257
621
281
346
1524
207
1331
1103
2126
369
758
2143
297
311
452
1635
467
1075
329
1266
1202
587
559
1203
1164
819
340
874
573
1340
1124
620
1373
1030
788
617
445
1103
1424
1435
655
873
676
592
430
511
341
154
1408
181
1196
855
391
932
773
1171
546
1356
949
1309
545
133
702
1297
1234
257
781
1036
0
548
613
1041
1086
548
334
219
560
725
345
1401
808
1335
758
1068
898
129
1416
439
1285
954
1222
855
497
1111
464
654
1214
1402
287
1447
1131
1183
680
969
1503
487
1364
1012
1533
347
1056
975
1532
530
862
1280
1110
1577
929
503
1595
1185
618
287
699
924
1115
1400
1155
623
1043
691
698
1043
872
695
1430
409
1535
1298
460
933
900
1054
984
1580
735
1518
8
627
596
1507
1496
294
529
722
548
0
1008
985
958
886
234
338
225
944
708
1107
993
1046
453
1144
1110
429
1455
398
973
994
986
746
930
884
645
390
1417
1073
443
1429
945
984
631
917
1146
357
1008
1193
1609
810
259
1116
1535
937
369
1244
447
1816
1023
703
1858
564
803
889
328
990
1382
2031
910
926
76
468
1007
395
399
507
1990
630
1594
1171
568
681
454
969
955
1840
931
1807
1010
480
708
739
1700
795
881
1093
613
1008
0
810
921
140
781
781
878
314
304
1346
1364
1288
922
1646
408
647
1992
650
1275
647
1140
768
930
1049
1062
1242
1723
1391
565
2038
1016
1068
643
1578
1508
1085
1390
421
2239
639
1056
347
2192
512
1053
1896
1233
2378
265
491
2410
417
372
704
640
231
608
2360
1612
423
764
455
1452
1167
1085
1057
2369
900
2230
1855
666
130
357
159
1569
2392
327
2343
992
964
394
700
2274
1008
483
488
1041
985
810
0
135
703
898
1034
760
498
776
569
1825
521
571
2049
493
959
2387
659
539
176
371
239
1526
323
1455
1368
2245
636
768
2383
248
288
379
1870
753
1283
666
288
2288
619
1159
212
2247
448
1135
1954
1330
2412
131
493
2441
552
342
671
717
98
476
2351
1684
353
881
523
1481
1262
1167
1120
2369
931
2281
1920
698
247
469
96
1625
2424
242
2372
965
1023
397
828
2311
1021
433
377
1086
958
921
135
0
805
903
1052
735
613
852
438
1848
388
517
2057
625
992
2389
674
404
308
236
233
1579
192
1475
1347
2273
502
803
2377
113
155
406
1862
619
1277
531
1069
1630
672
354
992
1564
797
383
1268
530
1819
900
563
1859
523
665
752
193
868
1257
1982
950
788
157
330
966
466
416
472
1950
529
1617
1207
436
574
350
861
962
1841
798
1802
889
419
569
754
1705
696
741
957
548
886
140
703
805
0
667
688
745
229
207
1222
1335
1163
781
1608
372
557
1956
516
1145
552
1017
638
930
922
1010
1146
1714
1262
446
1993
895
948
505
1516
1379
995
1258
1024
1442
306
822
971
1423
543
631
1150
881
1528
907
411
1553
1023
566
306
488
893
1159
1465
976
617
822
524
602
812
643
472
1471
177
1440
1150
270
819
737
997
833
1537
715
1481
235
396
508
1333
1435
126
518
759
334
234
781
898
903
667
0
168
240
754
479
1142
952
1078
471
1155
927
207
1489
242
1016
867
987
672
780
877
580
506
1380
1128
221
1486
918
966
519
974
1219
390
1078
1187
1274
472
767
1132
1255
710
554
983
791
1367
1065
560
1394
1110
722
474
537
1049
1326
1347
823
781
834
624
437
729
558
372
1342
163
1272
986
374
945
831
1144
669
1377
875
1322
335
327
655
1404
1271
47
683
927
219
338
781
1034
1052
688
168
0
406
820
483
1308
796
1244
638
1016
997
134
1357
378
1183
983
1149
819
615
1038
423
461
1223
1296
285
1366
1075
1124
655
862
1387
307
1246
811
1675
122
978
766
1660
323
816
1389
1068
1748
713
283
1770
978
394
72
552
706
932
1618
1211
409
900
497
833
996
834
682
1642
383
1674
1390
310
711
697
830
1073
1754
518
1695
232
593
372
1303
1659
362
312
532
560
225
878
760
735
745
240
406
0
760
599
918
1166
855
246
1343
916
431
1665
228
789
774
779
521
1019
673
800
612
1594
897
344
1645
728
770
413
1131
983
553
843
893
1853
660
567
815
1790
714
611
1494
751
2034
723
513
2072
307
559
746
286
689
1083
2154
1178
680
267
265
1155
691
644
678
2133
658
1841
1434
488
369
145
656
1182
2054
659
2013
948
608
479
584
1921
817
660
833
725
944
314
498
613
229
754
820
760
0
386
1046
1531
990
722
1793
176
701
2142
546
986
333
840
490
1148
756
1188
1257
1922
1097
543
2168
714
764
411
1676
1216
1123
1106
1084
1482
553
385
1012
1426
727
286
1129
512
1651
923
488
1689
692
630
623
136
895
1263
1781
837
744
351
329
771
438
317
296
1753
327
1471
1081
295
653
458
924
808
1671
783
1629
709
223
530
951
1540
494
675
918
345
708
304
776
852
207
479
483
599
386
0
1233
1145
1170
693
1412
554
351
1760
380
1138
655
1035
645
770
929
809
943
1537
1257
266
1792
923
977
480
1311
1370
790
1239
153
2582
836
1572
231
2556
600
1519
2273
1734
2666
323
782
2688
977
617
847
1104
357
41
2487
2039
530
1311
911
1745
1663
1549
1468
2530
1226
2579
2255
1015
684
901
429
1946
2672
455
2614
1115
1368
712
1217
2576
1268
627
387
1401
1107
1346
569
438
1222
1142
1308
918
1046
1233
0
2084
65
674
2250
1061
1287
2557
962
135
744
206
590
1895
304
1717
1482
2513
98
1116
2519
332
283
754
2015
193
1461
179
1973
581
1256
1200
1923
621
1487
1002
500
1087
584
1859
1356
604
1837
1517
1238
1253
1845
2098
699
688
1567
1437
1392
378
1074
978
864
632
926
592
596
1159
1727
1581
1940
486
588
1667
529
986
922
1451
2088
505
829
1468
1698
808
993
1364
1825
1848
1335
952
796
1166
1531
1145
2084
0
2021
1411
294
1699
868
630
1174
1954
1756
1938
1615
479
1829
373
694
429
2060
1059
695
1870
1918
1449
402
2138
640
1999
100
2517
772
1512
177
2491
536
1455
2208
1672
2602
267
717
2625
934
552
784
1042
302
94
2430
1974
465
1255
849
1680
1600
1485
1404
2471
1161
2514
2190
950
632
845
391
1880
2609
390
2551
1054
1303
647
1185
2512
1204
562
325
1335
1046
1288
521
388
1163
1078
1244
855
990
1170
65
2021
0
610
2190
1013
1221
2498
897
84
696
152
528
1830
242
1654
1424
2450
116
1051
2462
279
234
690
1957
232
1400
173
565
1912
171
1077
523
1892
77
954
1615
1199
1992
476
219
2015
870
205
174
601
474
689
1853
1411
170
923
467
1072
1125
978
855
1882
578
1910
1608
410
556
618
612
1292
1999
284
1941
461
757
247
1196
1902
596
88
289
758
453
922
571
517
781
471
638
246
722
693
674
1411
610
0
1588
847
634
1906
333
546
631
535
338
1240
431
1043
842
1840
657
492
1882
493
531
313
1369
750
797
610
2152
666
1447
1492
2109
747
1665
1289
730
1381
526
2053
1566
520
2097
1719
1414
1511
2043
2259
405
971
1752
1718
1633
642
1367
1266
1141
343
1162
686
840
1389
1960
1831
2152
778
511
1859
442
1136
1190
1663
2361
508
1041
1654
1865
1068
1144
1646
2049
2057
1608
1155
1016
1343
1793
1412
2250
294
2190
1588
0
1966
1108
348
1390
2117
1996
2122
1827
773
2016
607
783
358
2214
1294
401
2067
2111
1670
291
2281
791
2147
913
2000
809
665
837
1932
827
752
1637
854
2191
749
652
2231
157
663
894
462
714
1101
2329
1311
775
338
420
1325
802
784
841
2306
835
1987
1571
659
384
229
642
1334
2213
731
2174
1114
777
600
408
2077
993
775
910
898
1110
408
493
625
372
927
997
916
176
554
1061
1699
1013
847
1966
0
877
2314
712
1023
317
861
566
1303
796
1361
1432
2085
1126
719
2343
735
779
535
1852
1244
1299
1148
1156
1302
463
641
1095
1271
698
436
986
681
1421
1020
512
1452
997
680
489
415
1002
1308
1456
782
757
701
526
493
615
444
266
1442
61
1297
974
294
859
724
1081
660
1434
839
1384
428
201
600
1283
1319
155
662
916
129
429
647
959
992
557
207
134
431
701
351
1287
868
1221
634
1108
877
0
1454
327
1168
890
1114
759
609
1002
502
595
1286
1284
191
1471
1028
1080
587
976
1382
439
1242
2467
786
1773
1830
2429
894
1983
1632
979
1710
530
2377
1899
493
2445
2048
1734
1859
2369
2562
189
1269
2073
2064
1978
990
1701
1608
1488
46
1507
812
1094
1731
2301
2178
2484
1097
496
2182
447
1447
1539
1997
2709
587
1379
1977
2176
1416
1455
1992
2387
2389
1956
1489
1357
1665
2142
1760
2557
630
2498
1906
348
2314
1454
0
1728
2422
2340
2440
2161
1100
2337
955
1075
433
2514
1638
146
2392
2435
2007
542
2573
1113
2442
829
1628
175
764
769
1597
385
624
1311
872
1739
695
186
1768
793
353
243
324
677
984
1707
1086
434
672
294
808
799
647
523
1711
266
1624
1294
85
577
506
766
984
1751
513
1698
403
425
278
1111
1641
350
343
599
439
398
650
659
674
516
242
378
228
546
380
962
1174
897
333
1390
712
327
1728
0
846
625
787
441
934
675
801
739
1599
964
160
1728
704
754
279
1216
1066
632
927
138
2457
712
1490
196
2435
474
1422
2154
1645
2536
275
671
2558
956
511
717
1014
310
143
2352
1929
412
1246
824
1618
1572
1451
1360
2395
1108
2455
2140
904
639
842
426
1828
2542
354
2483
981
1260
609
1222
2447
1142
505
257
1285
973
1275
539
404
1145
1016
1183
789
986
1138
135
1954
84
546
2117
1023
1168
2422
846
0
708
176
508
1777
230
1588
1347
2382
120
1003
2384
292
258
658
1880
234
1328
127
596
2135
653
899
520
2081
589
919
1784
1081
2293
434
491
2327
260
427
731
524
399
784
2328
1485
516
596
364
1378
1018
952
948
2325
835
2125
1735
610
80
204
330
1462
2309
445
2263
1000
861
406
572
2184
964
547
621
954
994
647
176
308
552
867
983
774
333
655
744
1756
696
631
1996
317
890
2340
625
708
0
544
301
1422
484
1392
1361
2168
809
702
2348
419
462
363
1839
927
1257
834
53
2415
682
1368
25
2384
458
1321
2097
1531
2515
117
603
2540
786
435
709
904
151
243
2384
1850
372
1105
709
1586
1461
1351
1280
2416
1053
2411
2073
832
480
695
250
1768
2524
275
2467
994
1180
523
1046
2420
1112
471
281
1222
986
1140
371
236
1017
987
1149
779
840
1035
206
1938
152
535
2122
861
1114
2440
787
176
544
0
389
1719
112
1567
1373
2367
265
936
2413
127
84
558
1902
383
1332
301
440
2057
400
984
366
2019
289
932
1727
1143
2179
278
261
2208
554
135
465
515
252
622
2128
1467
216
743
321
1247
1072
962
899
2142
698
2051
1697
466
222
353
326
1398
2191
169
2138
753
800
164
873
2078
788
251
346
855
746
768
239
233
638
672
819
521
490
645
590
1615
528
338
1827
566
759
2161
441
508
301
389
0
1351
286
1242
1131
2039
625
571
2152
280
334
176
1638
742
1052
622
1762
714
1070
737
1699
668
1306
561
378
610
889
1621
1116
930
1451
1284
1085
898
1599
1917
1178
266
1366
1006
1071
289
603
532
474
1106
669
705
371
888
1411
1228
1662
54
911
1445
877
924
562
1198
1668
774
661
1271
1524
497
930
930
1526
1579
930
780
615
1019
1148
770
1895
479
1830
1240
773
1303
609
1100
934
1777
1422
1719
1351
0
1607
383
814
793
1893
783
1174
1627
1680
1175
817
1990
670
1850
157
2304
573
1270
94
2273
354
1215
1985
1430
2404
69
491
2430
737
323
603
800
95
336
2284
1741
264
1018
607
1475
1359
1245
1170
2313
941
2299
1962
721
412
612
249
1656
2413
163
2357
892
1070
413
1020
2309
1001
362
207
1111
884
1049
323
192
922
877
1038
673
756
929
304
1829
242
431
2016
796
1002
2337
675
230
484
112
286
1607
0
1457
1272
2257
342
824
2312
92
106
451
1800
460
1226
353
1603
888
885
946
1551
890
1118
727
660
881
949
1486
983
973
1490
1144
871
904
1472
1732
973
649
1196
1130
1028
95
846
711
556
945
558
890
704
790
1360
1224
1567
428
957
1295
901
638
591
1078
1760
859
456
1097
1331
464
645
1062
1455
1475
1010
580
423
800
1188
809
1717
373
1654
1043
607
1361
502
955
801
1588
1392
1567
1242
383
1457
0
439
801
1696
691
983
1497
1545
1077
521
1779
318
1639
1397
1271
731
1212
1362
1294
919
991
1091
1205
1259
1319
879
1270
1528
1006
676
982
1314
1487
1011
1076
1012
1294
1028
528
1151
988
801
1048
616
1279
1143
776
1307
1242
1443
863
1256
1125
1190
382
779
975
1838
1195
450
920
1103
654
390
1242
1368
1347
1146
506
461
612
1257
943
1482
694
1424
842
783
1432
595
1075
739
1347
1361
1373
1131
814
1272
439
0
1091
1439
716
1041
1335
1374
1002
533
1501
169
1368
2402
356
1685
1525
2351
461
1916
1353
576
1380
171
2286
1782
179
2229
1945
1666
1654
2272
2525
600
901
1996
1798
1805
794
1385
1325
1245
466
1346
381
690
1580
2143
1985
2364
774
165
2095
101
1409
1316
1876
2460
164
1257
1897
2126
1214
1417
1723
2245
2273
1714
1380
1223
1594
1922
1537
2513
429
2450
1840
358
2085
1286
433
1599
2382
2168
2367
2039
793
2257
801
1091
0
2487
1477
568
2297
2345
1871
646
2563
1061
2425
215
2569
825
1608
289
2549
588
1542
2269
1764
2643
377
790
2663
1050
631
826
1133
412
68
2437
2048
530
1360
943
1729
1692
1570
1479
2485
1225
2568
2257
1023
744
953
507
1944
2648
474
2588
1081
1379
729
1301
2555
1254
622
369
1402
1073
1391
636
502
1262
1128
1296
897
1097
1257
98
2060
116
657
2214
1126
1284
2514
964
120
809
265
625
1893
342
1696
1439
2487
0
1121
2471
391
349
778
1971
119
1429
88
980
1486
328
635
916
1450
545
475
1161
726
1612
838
334
1643
826
502
381
268
817
1140
1632
927
591
602
340
684
653
495
364
1624
133
1480
1139
105
669
546
891
832
1625
663
1575
445
265
415
1126
1509
275
502
758
287
443
565
768
803
446
221
285
344
543
266
1116
1059
1051
492
1294
719
191
1638
160
1003
702
936
571
783
824
691
716
1477
1121
0
1650
845
897
398
1147
1225
581
1087
2437
923
1758
1891
2403
1029
1959
1686
1091
1783
675
2357
1893
639
2468
2035
1712
1883
2351
2522
47
1363
2051
2109
1989
1031
1768
1664
1532
104
1521
949
1205
1738
2305
2194
2472
1177
641
2162
590
1421
1574
1991
2743
727
1383
1956
2143
1447
1429
2038
2383
2377
1993
1486
1366
1645
2168
1792
2519
695
2462
1882
401
2343
1471
146
1728
2384
2348
2413
2152
1174
2312
983
1041
568
2471
1650
0
2373
2413
2006
515
2523
1101
2396
179
2330
620
1247
102
2295
418
1209
2004
1413
2442
23
518
2469
665
353
660
790
28
370
2345
1747
323
980
595
1510
1344
1240
1178
2370
967
2324
1976
740
353
569
156
1675
2452
211
2397
953
1079
429
937
2344
1041
417
297
1131
945
1016
248
113
895
918
1075
728
714
923
332
1870
279
493
2067
735
1028
2392
704
292
419
127
280
1627
92
1497
1335
2297
391
845
2373
0
54
455
1859
509
1280
418
134
2381
665
1300
62
2347
455
1263
2057
1467
2491
59
568
2517
702
402
701
845
82
322
2385
1801
362
1031
649
1559
1398
1294
1232
2412
1018
2376
2029
792
401
619
170
1727
2501
253
2446
992
1133
481
964
2393
1089
458
311
1183
984
1068
288
155
948
966
1124
770
764
977
283
1918
234
531
2111
779
1080
2435
754
258
462
84
334
1680
106
1545
1374
2345
349
897
2413
54
0
508
1900
465
1322
384
607
1882
293
837
536
1843
304
765
1551
987
2008
451
129
2038
573
160
374
356
427
783
1984
1293
283
632
175
1078
914
795
724
1990
527
1876
1521
293
304
307
494
1222
2021
304
1969
638
625
68
900
1906
629
249
452
680
631
643
379
406
505
519
655
413
411
480
754
1449
690
313
1670
535
587
2007
279
658
363
558
176
1175
451
1077
1002
1871
778
398
2006
455
508
0
1493
891
907
763
1928
925
1244
1466
1891
990
1446
1247
902
1390
816
1843
1379
811
1971
1520
1199
1390
1837
2020
491
1061
1538
1644
1484
593
1360
1231
1075
515
1021
942
997
1231
1793
1692
1958
841
802
1649
733
909
1101
1476
2258
787
876
1443
1635
969
917
1578
1870
1862
1516
974
862
1131
1676
1311
2015
402
1957
1369
291
1852
976
542
1216
1880
1839
1902
1638
817
1800
521
533
646
1971
1147
515
1859
1900
1493
0
2031
587
1900
332
2658
920
1724
407
2641
684
1653
2365
1878
2722
496
897
2741
1165
741
913
1247
531
152
2488
2152
635
1478
1058
1816
1806
1681
1585
2543
1324
2657
2356
1129
862
1072
620
2042
2725
587
2664
1154
1485
840
1410
2637
1343
723
467
1503
1146
1508
753
619
1379
1219
1387
983
1216
1370
193
2138
232
750
2281
1244
1382
2573
1066
234
927
383
742
1990
460
1779
1501
2563
119
1225
2523
509
465
891
2031
0
1503
141
1361
1195
660
1045
1319
1205
874
823
977
1035
1222
1265
792
1239
1405
936
623
842
1256
1471
1077
926
962
1140
909
394
982
819
633
1092
469
1200
1016
654
1209
1121
1373
721
1224
1070
1162
349
615
890
1706
1145
306
865
1075
487
357
1085
1283
1277
995
390
307
553
1123
790
1461
640
1400
797
791
1299
439
1113
632
1328
1257
1332
1052
670
1226
318
169
1061
1429
581
1101
1280
1322
907
587
1503
0
1365
258
2518
780
1599
322
2501
545
1521
2225
1749
2583
401
762
2602
1083
609
773
1119
436
155
2362
2014
499
1364
933
1676
1676
1548
1448
2413
1184
2517
2216
992
764
963
551
1902
2587
461
2526
1016
1348
709
1347
2498
1203
584
329
1364
1008
1390
666
531
1258
1078
1246
843
1106
1239
179
1999
173
610
2147
1148
1242
2442
927
127
834
301
622
1850
353
1639
1368
2425
88
1087
2396
418
384
763
1900
141
1365
0